TreeLowRoot,5,128,0.00184096,0.74088
